line
32.5 40.5 0 32.5 41.5 0
line
32.5 41.5 0 33 42.5 0
line
33 42.5 0 33.5 43.5 0
line
33.5 43.5 0 33.5 44.5 0
line
33.5 44.5 0 34 45.5 0
line
34 45.5 0 34.5 46 0
line
34 45.5 0 31 46 0
line
31 46 0 28 47 0
line
28 47 0 27 48 0
line
27 48 0 29 48.5 0
line
27 48 0 30 47 10
line
30 47 10 35.5 47 0
line
29 48.5 0 29.5 48.5 0
line
29.5 48.5 0 30 47 0
line
30 47 0 31 46 0
line
29.5 48.5 0 30 48.5 0
line
30 48.5 0 33 48 0
line
33 48 0 35.5 47 0
line
35.5 47 0 37.5 48 0
line
37.5 48 0 40 48 0
line
40 48 0 42 47.5 0
line
42 47.5 0 41.5 46.5 0
line
42 47.5 0 43 49.5 0
line
43 49.5 0 44 51 0
line
44 51 0 46 52.5 0
line
46 52.5 0 48.5 54 0
line
48.5 54 0 48 53 0
line
48.5 54 0 46.5 52 10
line
46.5 52 10 43.5 45.5 0
line
48 53 0 48 52 0
line
48 52 0 47 50 0
line
47 50 0 46.5 49.5 0
line
46.5 49.5 0 46.5 52 0
line
46.5 52 0 46 52.5 0
line
46.5 49.5 0 45 47.5 0
line
45 47.5 0 43.5 46 0
line
43.5 46 0 42 45.5 0
line
43.5 46 0 44 44 0
line
44 44 0 44 40 0
line
44 40 0 43 38 0
line
43 38 0 35 38 0
line
35 38 0 34 38.5 0
line
34 38.5 0 33 40 0
line
33 40 0 32.5 40.5 0
line
33 40 0 33.5 41 0
line
33.5 41 0 33.5 42 0
line
33.5 42 0 33 42.5 0
line
41 40.5 0 42 40.5 0
line
42 40.5 0 42.5 41 0
line
42.5 41 0 42.5 42 0
line
42.5 42 0 42 42.5 0
line
42 42.5 0 41 42.5 0
line
41 42.5 0 40.5 42 0
line
40.5 42 0 40.5 41 0
line
40.5 41 0 41 40.5 0
line
40 44.5 0 41 44 0
line
41 44 0 41 43 0
line
41 43 0 40 42.5 0
line
40 42.5 0 39 43 0
line
39 43 0 39 44 0
line
39 44 0 40 44.5 0
line
35 44.5 0 35.5 44 0
line
35.5 44 0 35.5 43 0
line
35.5 43 0 34.5 42.5 0
line
34.5 42.5 0 34 43 0
line
34 43 0 34 44 0
line
34 44 0 34.5 44.5 0
line
34.5 44.5 0 35 44.5 0
line
36.5 42.5 0 36.5 42 0
line
36.5 42 0 36 42.5 0
line
36 42.5 0 36.5 42.5 0
line
35.5 41.5 0 36 41 0
line
36 41 0 37 41 0
line
37 41 0 38 41.5 0
ident
scale
8 8 8
apply
display
ident
apply
move
-200 0 0
apply
display
ident
apply
move
0 -200 0
apply
display
ident
apply
move
200 0 0
apply
ident
apply
rotate
y 30
apply
display
save
pic.png
